281
266
266
268
268
266
266
265
268
272
266
268
265
266
265
268
268
267
1208
269
266
267
268
266
267
266
266
265
266
266
263
266
268
267
268
267
268
266
267
268
266
267
266
266
267
266
270
266
266
268
264
268
266
266
266
270
268
268
270
1230
266
272
270
272
267
266
266
269
268
264
265
268
270
269
266
264
265
266
266
269
268
268
265
266
268
265
266
268
265
266
268
267
268
270
269
266
262
264
268
268
1228
269
270
266
269
270
268
267
270
268
267
270
266
266
270
268
268
268
268
268
266
266
268
268
268
268
270
264
266
268
270
268
268
268
268
270
271
268
270
267
266
268
1017
268
263
266
264
265
266
266
265
268
270
269
266
264
265
268
270
265
266
266
269
266
266
265
266
266
265
266
266
265
266
268
267
266
270
267
266
268
270
268
266
266
1016
270
272
268
268
272
268
264
267
272
268
269
266
270
266
266
266
268
268
268
266
266
270
262
264
266
266
267
268
266
267
266
264
261
266
270
265
268
268
265
266
678
821
1179
399
262
321
482
498
1486
920
625
750
1629
309
450
758
1674
452
517
635
573
311
740
579
270
317
756
2000
424
603
750
1033
522
262
317
496
423
620
708
706
266
776
361
423
773
673
1120
387
984
675
672
403
484
1356
434
601
1121
607
754
782
587
495
671
1567
363
329
357
325
472
425
325
601
488
389
309
978
1053
1029
1017
268
264
265
266
266
265
266
270
265
266
266
267
266
268
267
266
266
266
266
266
266
266
266
266
266
270
264
267
266
266
265
266
1172
268
265
266
264
265
266
266
269
266
268
267
266
268
265
266
266
265
268
270
265
266
268
265
268
270
267
266
266
267
268
270
271
268
270
271
268
270
271
268
270
267
1020
263
266
268
267
270
272
267
268
272
269
268
263
266
268
265
268
270
265
268
270
264
270
266
268
270
264
268
270
268
268
270
264
268
270
270
266
266
268
268
270
266
1018
268
272
263
264
266
265
266
266
265
266
262
263
266
268
269
264
270
267
266
268
265
268
270
265
266
268
269
266
268
271
266
268
266
266
266
268
266
268
270
266
1198
268
265
266
266
267
268
264
267
266
266
265
266
266
265
266
266
266
268
262
268
268
268
266
266
270
265
268
266
269
270
268
269
270
268
269
270
266
269
268
268
269
1018
267
268
266
265
266
270
265
266
270
265
268
266
267
268
266
264
268
270
264
262
272
270
268
270
268
268
272
270
266
270
268
267
272
272
271
272
270
267
272
270
269
1020
266
264
267
270
270
271
270
268
267
272
270
271
270
270
268
270
270
270
272
266
270
272
266
270
272
270
270
268
270
270
272
271
268
272
269
270
268
267
270
267
1169
268
272
267
268
266
267
270
270
271
270
272
271
270
272
271
270
270
267
268
266
263
266
272
271
270
268
267
268
272
269
268
270
271
268
268
267
268
270
267
268
270
1021
266
267
266
270
269
270
268
268
268
268
268
268
272
266
268
270
268
266
270
268
265
268
266
269
270
268
269
268
268
265
268
270
269
270
270
271
268
270
268
268
270
1017
260
266
266
270
266
270
266
267
270
271
268
272
266
268
272
266
270
267
268
272
270
268
272
271
266
264
265
268
270
265
266
268
265
268
268
265
266
264
265
266
1158
272
267
270
272
269
270
272
267
268
270
267
268
272
271
270
266
267
268
266
265
268
270
265
268
268
264
270
268
266
270
266
268
270
268
268
270
268
268
270
264
268
1022
268
270
267
270
272
271
270
270
267
268
272
269
270
268
271
268
268
265
266
264
265
266
264
265
268
270
269
266
264
263
272
271
268
266
267
270
266
267
270
270
267
1022
267
264
270
265
268
264
265
266
266
267
268
274
268
269
268
268
267
268
272
267
270
270
265
266
266
263
266
266
267
268
266
265
266
270
263
266
266
270
268
268
1017
264
270
268
268
268
268
272
266
268
270
268
266
272
266
267
268
266
269
264
270
269
268
272
267
268
268
267
266
266
267
270
266
267
268
268
267
268
268
267
268
270
1015
264
270
268
266
272
267
268
266
267
268
270
269
270
272
267
268
270
269
270
268
267
270
270
267
268
270
271
268
270
271
268
270
271
272
270
266
272
268
270
272
268
1022
267
270
270
267
270
272
267
268
270
269
270
272
267
270
270
267
268
268
267
268
268
267
270
268
267
270
272
271
270
266
267
268
268
271
270
266
267
270
272
267
1167
268
266
267
270
266
267
268
268
269
268
272
267
268
270
269
268
268
267
268
271
268
268
265
266
270
259
268
272
267
268
268
269
268
268
272
268
270
269
266
266
266
1016
266
272
266
266
270
264
266
268
266
268
266
270
265
268
267
270
265
268
261
268
268
269
268
268
269
268
270
266
266
270
269
268
264
265
266
264
263
268
268
265
266
264
265
1016
266
266
268
268
270
266
270
266
266
266
270
268
266
268
270
264
264
266
266
268
264
266
266
270
265
266
266
265
266
266
263
266
266
265
266
270
265
266
266
265
266
1014
264
268
265
266
270
267
262
268
266
266
270
264
266
268
266
268
266
270
266
270
264
270
262
264
267
266
270
267
266
270
265
266
270
266
270
268
270
268
266
268
272
1019
266
270
268
267
270
270
267
270
272
271
268
268
267
270
272
267
270
270
267
264
268
269
270
272
267
268
272
269
270
268
269
270
270
267
270
268
263
270
272
267
1121
265
268
268
263
268
266
265
268
270
265
268
268
269
266
264
267
268
270
265
266
264
265
268
268
269
268
270
269
268
270
269
268
268
265
266
264
950
1610
347
313
768
639
744
543
1048
341
685
1119
391
603
865
262
307
946
1117
313
355
651
1484
732
474
438
633
751
353
585
310
555
646
1575
551
1151
373
982
565
710
508
427
599
1097
605
1117
629
752
357
448
488
1083
676
404
758
323
1474
740
314
865
518
1089
657
418
931
312
1321
683
365
882
421
632
1024
1038
1036
1035
263
266
270
269
270
268
269
270
272
267
270
270
267
268
270
269
270
272
267
268
266
267
270
270
269
270
272
271
270
272
271
270
272
271
270
268
268
1020
263
268
272
269
268
270
267
270
268
269
270
272
266
270
272
266
270
268
268
270
268
268
268
270
272
268
272
268
269
270
268
272
268
270
272
267
268
272
267
268
1232
268
272
268
266
264
266
272
268
269
268
272
267
268
272
267
268
272
267
268
268
263
268
270
269
270
268
269
264
268
268
270
268
268
270
268
268
268
270
268
268
270
1017
266
270
268
270
272
270
272
266
268
270
272
270
272
270
268
268
266
266
270
266
268
270
266
268
268
269
266
266
268
270
270
266
266
268
268
270
267
266
270
269
266
1018
272
270
269
270
266
269
270
266
269
270
270
268
268
270
270
268
270
270
272
266
270
272
272
266
264
270
270
272
272
270
272
262
264
268
266
268
268
266
268
270
1194
272
272
271
268
268
267
270
272
271
268
268
267
270
268
267
270
272
267
270
272
267
270
266
267
268
266
265
270
268
273
268
270
270
270
266
270
266
274
263
268
270
1015
264
265
266
268
265
268
272
267
262
265
266
266
263
266
266
267
268
268
270
268
264
268
268
266
270
266
266
266
266
268
264
265
266
266
267
266
268
263
268
270
265
1020
270
268
267
270
260
267
270
272
267
268
270
267
270
272
267
268
270
267
270
272
271
270
272
271
270
272
271
270
270
267
268
268
267
270
272
271
270
270
267
270
1145
266
262
265
268
262
263
268
270
265
268
266
267
268
268
267
266
268
269
266
268
269
266
268
267
268
266
265
268
268
269
268
266
264
266
268
266
270
270
266
270
270
1016
268
270
272
272
270
272
270
268
266
271
268
274
270
270
268
264
268
270
266
268
262
268
270
262
264
270
264
266
266
266
267
266
270
265
266
266
267
266
264
263
264
1016
266
265
266
266
263
266
268
265
268
266
269
268
270
267
268
268
269
268
270
268
270
270
268
268
270
268
270
270
272
267
268
268
269
270
266
267
268
268
269
268
1200
268
264
268
270
264
266
270
266
268
266
268
266
264
266
270
268
266
268
266
268
268
268
268
270
268
268
270
268
266
268
268
268
270
268
268
270
268
266
268
264
266
1022
270
270
265
264
269
270
268
269
270
266
270
270
268
268
270
268
268
266
268
268
270
269
268
266
267
268
268
269
266
270
265
266
266
267
268
270
265
266
266
265
266
1020
266
268
266
270
270
266
270
268
272
272
268
268
266
268
272
272
260
266
268
267
268
266
267
270
266
269
270
266
267
270
266
267
268
268
269
268
266
267
268
270
1019
265
270
270
272
270
268
272
270
268
272
270
270
268
265
268
268
269
268
268
267
268
268
265
268
268
269
272
267
268
272
267
268
268
267
262
266
267
266
270
266
268
1016
266
268
270
268
268
266
268
266
266
266
266
268
270
264
268
270
268
266
268
270
268
270
264
266
268
266
268
270
270
268
270
270
268
270
270
268
270
266
266
266
1154
264
267
270
270
271
268
266
269
270
268
267
270
272
267
272
272
266
272
272
270
268
268
270
270
270
270
270
270
270
272
266
270
272
268
268
272
265
268
280
267
268
1022
270
268
268
267
270
274
265
272
270
273
268
274
269
270
266
269
266
274
269
272
266
269
268
274
265
270
268
273
266
272
267
270
268
274
266
274
264
270
264
265
268
274
278
285
278
329
335
270
270
347
275
351
323
327
264
284
2000
476
1067
490
472
450
321
440
653
486
467
344
407
423
587
537
345
861
819
333
447
720
375
409
637
494
712
811
359
992
575
266
488
706
272
372
359
700
347
2000
357
395
276
330
290
315
1036
280
262
273
1223
264
970
1180
317
277
353
264
280
318
268
333
270
322
950
278
288
288
270
266
311
269
273
310
327
266
283
1125
291
277
359
316
264
302
373
379
274
285
273
270
268
271
313
260
393
305
331
264
324
268
264
281
260
262
268
318
282
278
262
293
257
1248
327
264
331
345
267
356
281
280
270
335
270
357
263
277
313
278
264
274
276
274
327
268
262
329
264
264
272
266
345
278
425
325
1214
266
320
345
258
316
276
369
264
286
270
327
313
266
280
274
442
286
381
345
268
264
288
266
308
274
461
375
345
365
1276
315
296
387
288
276
261
359
39
307
291
385
350
335
269
363
335
268
287
284
394
292
310
402
329
316
50
351
291
361
294
264
347
348
262
300
383
321
964
292
268
298
269
283
262
310
307
274
36
361
308
296
361
280
345
262
285
387
280
317
288
311
282
274
321
263
262
292
313
337
262
278
268
270
272
276
280
282
310
270
317
271
315
337
271
267
339
262
282
270
329
281
353
319
335
359
330
315
256
265
303
266
1075
334
319
274
411
275
1142
269
262
321
371
311
272
319
336
275
275
361
315
278
325
275
321
365
265
258
317
324
331
996
299
264
347
272
327
331
282
341
291
371
276
318
313
355
274
273
321
261
282
265
269
327
346
423
315
277
327
349
299
286
1653
260
258
272
271
268
262
311
268
273
268
264
266
266
274
270
268
262
266
337
274
262
268
272
315
266
271
340
264
321
272
272
289
399
258
314
273
268
270
260
270
1139
282
309
321
262
407
269
274
270
266
270
264
259
268
339
333
262
345
272
257
256
270
266
266
258
274
259
330
270
262
315
325
268
266
311
264
259
258
351
268
264
1104
383
339
268
315
262
259
264
276
337
406
262
260
263
272
355
329
312
353
264
397
271
262
319
268
266
357
317
305
264
276
261
264
267
258
264
269
264
333
312
266
1139
264
337
262
263
302
359
259
320
260
268
254
265
266
268
261
266
270
267
316
265
266
270
265
266
270
265
310
307
270
261
256
268
269
268
266
269
264
1024
319
264
270
262
266
264
266
262
264
266
270
270
309
268
266
268
266
262
328
261
264
266
266
270
266
277
262
307
266
347
270
260
266
266
268
330
311
260
261
1060
278
272
262
268
268
266
274
266
266
262
256
265
260
268
270
316
313
266
267
322
266
347
266
266
265
268
343
263
266
272
265
308
273
264
264
272
276
266
274
262
262
1017
270
268
268
270
307
256
315
264
321
264
265
266
266
313
270
309
315
266
272
267
268
268
261
268
270
269
262
268
269
268
270
260
266
270
321
258
261
310
267
1155
260
270
270
262
258
262
263
268
270
261
256
321
314
263
351
407
317
264
325
270
303
329
268
270
268
272
272
260
266
254
311
270
313
270
265
266
268
317
307
270
1275
273
270
268
273
272
264
264
258
275
268
264
267
357
258
266
265
268
266
259
266
272
273
264
264
265
264
270
269
264
266
268
268
313
264
268
264
266
266
264
268
1018
270
270
265
264
268
267
270
272
260
268
272
272
312
264
266
268
266
266
268
268
262
272
270
266
262
311
262
264
268
262
266
261
264
266
260
268
274
260
310
260
262
1020
268
270
267
264
268
265
268
262
267
268
268
265
268
270
267
268
266
313
270
267
264
280
273
266
131
263
281
270
284
274
282
303
265
263
266
327
272
1232
272
413
266
305
387
294
274
278
275
271
273
289
272
276
283
284
274
278
278
268
268
325
276
316
268
343
353
38
320
791
262
266
266
260
264
319
266
265
272
270
267
339
347
270
264
267
316
271
260
307
264
266
267
268
278
265
270
462
285
263
294
339
321
283
259
259
270
916
286
282
276
323
285
264
264
271
270
284
268
273
352
278
268
266
264
270
353
322
311
265
266
341
268
277
373
264
266
274
691
589
607
546
1115
804
1502
458
709
413
670
411
343
341
343
1059
835
708
771
327
843
272
438
341
371
452
337
264
436
718
313
488
443
449
488
352
1093
323
393
1037
472
309
708
611
317
677
311
694
1533
474
432
331
693
323
553
333
389
438
508
329
434
353
691
1139
432
424
312
345
327
458
619
781
347
609
321
617
644
260
319
355
260
403
508
349
577
373
325
595
772
569
821
401
411
331
309
266
1022
1040
1022
1036
269
268
266
267
270
266
265
268
268
269
268
272
267
276
305
264
264
267
264
1127
266
258
267
264
270
268
265
270
268
270
254
272
267
268
266
267
270
266
263
270
268
267
270
272
267
260
256
307
272
261
264
268
266
1099
262
263
266
268
267
357
268
268
309
266
262
262
272
265
272
270
395
272
268
270
272
266
264
266
258
267
274
270
266
266
262
327
315
264
263
266
270
309
262
268
1018
263
270
280
263
264
276
261
272
268
274
282
266
276
281
294
327
268
266
278
285
336
280
277
266
264
270
323
264
278
268
269
264
329
876
283
268
349
215
290
636
268
266
316
265
264
270
263
256
266
266
268
270
266
262
274
268
266
262
262
261
272
268
271
292
265
270
137
268
270
266
264
1018
264
266
274
270
268
283
264
268
278
270
272
283
267
264
341
276
272
276
266
286
279
270
315
276
272
272
295
272
270
443
290
1492
309
263
268
268
307
311
262
264
286
266
269
270
264
262
260
262
264
265
262
270
271
270
268
260
270
268
267
270
262
267
274
272
266
264
264
269
264
264
265
266
1057
258
266
321
270
262
261
268
262
257
268
268
269
270
268
263
268
270
275
260
262
271
266
268
269
266
266
267
268
266
266
266
266
264
268
264
266
266
268
268
266
268
260
1017
264
266
270
268
267
268
272
267
266
256
269
260
264
268
272
270
268
266
274
264
266
266
270
263
272
266
271
266
266
265
266
270
266
266
265
264
268
265
268
1083
269
270
272
269
270
272
267
270
268
267
268
270
271
268
270
274
268
270
272
264
266
270
270
266
266
266
264
270
313
270
266
264
262
262
255
270
266
267
268
266
1019
263
266
266
265
268
264
262
266
272
268
268
272
271
270
268
269
270
270
267
270
262
268
270
268
271
270
272
273
268
272
267
270
270
267
266
266
267
268
266
269
262
1022
266
315
272
265
260
262
267
270
266
263
270
270
267
270
270
265
266
268
265
268
266
266
268
267
266
266
265
268
264
265
268
270
261
377
264
266
268
268
268
270
1101
271
268
272
309
270
319
301
278
458
274
272
282
272
273
274
282
288
274
264
268
260
276
258
266
267
292
325
276
286
274
267
269
274
1159
288
279
268
325
267
270
296
268
269
266
270
339
340
276
262
317
269
274
266
351
321
280
260
272
263
286
264
264
287
320
305
373
946
278
268
363
351
270
276
274
268
278
274
268
268
309
278
266
266
365
268
275
287
282
284
272
317
282
282
282
282
337
335
338
1179
265
264
278
265
289
266
373
274
279
284
273
265
349
351
276
657
270
260
266
266
270
270
265
266
262
267
268
270
267
262
268
264
268
278
265
1018
310
327
264
263
326
259
349
264
268
388
268
262
260
266
270
258
310
264
256
320
506
321
266
276
272
268
276
263
351
264
266
305
270
284
264
289
887
266
280
281
278
262
268
278
270
326
272
268
275
331
273
258
271
276
355
270
268
283
281
264
323
403
331
269
337
355
1202
287
313
279
359
270
312
308
326
654
268
264
266
315
262
264
313
335
264
271
272
264
315
278
262
266
268
271
264
274
318
273
258
262
313
270
271
270
1162
264
264
261
333
262
268
309
270
270
348
262
256
268
263
266
313
262
262
269
266
260
361
267
264
339
381
420
264
264
263
268
264
267
272
266
387
266
268
1105
274
264
265
268
313
312
266
272
262
262
266
268
265
264
313
316
264
266
262
269
270
266
263
524
274
264
490
268
309
307
308
267
260
282
261
268
272
267
268
262
1194
267
264
369
393
262
266
265
268
270
267
270
260
263
264
270
263
266
266
313
272
367
309
266
263
314
269
308
261
355
266
258
269
268
260
261
270
268
363
265
1012
265
266
371
265
316
263
423
272
262
266
268
265
262
258
265
274
266
273
270
274
2000
319
393
307
305
385
474
403
514
317
403
450
416
496
266
403
361
404
383
325
407
347
365
387
1579
345
456
361
410
548
496
619
266
336
1085
367
476
383
543
609
428
369
607
494
262
276
332
388
706
778
684
498
310
281
339
1105
415
282
293
271
918
327
272
305
276
270
1200
1170
357
1047
272
298
292
326
290
266
276
277
268
276
317
357
367
323
276
268
367
324
271
260
278
385
317
343
281
366
313
388
278
260
957
317
315
263
277
259
323
340
325
278
280
282
381
373
313
311
326
282
399
341
379
266
336
276
395
382
274
322
373
268
309
316
321
1131
305
301
271
367
310
272
262
280
277
283
309
277
276
286
276
282
278
292
273
321
276
270
310
270
260
212
44
310
296
267
266
264
276
266
365
272
323
278
258
287
324
286
281
270
324
268
283
462
269
363
323
286
280
290
272
277
325
285
323
841
280
407
266
296
315
266
280
268
381
351
324
383
361
266
319
315
256
264
300
291
278
293
328
1097
272
268
359
272
369
270
272
268
272
272
264
286
326
266
277
259
349
268
268
316
307
327
333
267
263
262
264
290
326
282
312
292
1375
282
371
274
313
317
266
280
268
270
264
283
266
280
327
266
274
316
286
266
266
267
273
355
290
272
363
270
264
264
274
833
317
361
274
319
282
278
277
270
265
294
318
266
298
262
323
258
315
276
264
268
270
267
268
323
359
292
377
264
264
276
272
311
271
869
266
329
287
395
323
325
270
284
275
309
311
313
268
274
274
319
266
275
269
361
280
266
307
274
262
271
319
267
277
369
317
413
1137
280
339
270
269
365
283
316
282
314
271
271
279
283
365
277
313
262
361
275
284
272
271
320
480
365
268
1180
333
280
282
262
269
264
268
254
359
274
282
265
274
270
361
264
284
335
274
272
286
291
276
271
315
278
280
265
280
268
283
266
393
998
270
289
274
278
274
278
263
327
268
347
263
306
270
263
281
357
262
264
280
286
282
262
268
327
273
268
266
272
272
928
264
265
274
367
282
269
264
268
283
278
278
290
281
264
275
270
262
268
272
283
277
290
357
264
311
266
272
277
266
284
268
269
269
877
271
277
345
264
312
280
282
262
272
266
284
271
345
271
306
271
268
269
265
270
331
338
339
355
270
365
284
264
282
357
879
270
275
282
280
291
274
262
320
258
330
331
309
391
266
274
266
406
319
352
272
353
314
277
264
344
314
276
280
353
367
268
801
274
268
282
273
273
266
278
319
315
322
315
272
286
268
264
276
262
379
276
266
266
273
277
284
270
276
261
283
976
275
319
339
294
266
321
278
274
264
280
353
365
270
266
264
399
270
272
278
286
266
331
339
280
367
282
280
272
976
266
276
276
280
268
272
262
264
272
268
282
270
317
265
270
268
283
266
269
260
286
267
317
272
266
357
320
353
325
1123
275
284
339
266
279
287
262
278
268
266
326
361
321
351
262
329
349
288
278
284
314
262
333
271
278
288
268
366
265
308
260
315
1053
364
307
336
274
265
270
273
363
268
347
367
286
264
266
276
274
272
270
341
278
278
280
311
268
264
274
310
367
267
274
330
329
321
278
276
328
315
321
270
347
372
309
334
272
363
315
272
337
280
1055
309
323
279
285
320
273
345
276
369
266
266
262
274
274
407
268
265
1004
283
357
280
273
264
312
268
283
292
284
270
268
280
280
706
555
671
611
803
325
406
502
365
516
564
351
324
428
406
444
285
1004
314
401
321
354
1035
267
274
472
375
342
312
407
395
383
333
629
1150
367
841
319
267
418
1446
400
582
716
1335
452
460
373
734
539
328
396
266
336
506
399
843
428
345
365
337
863
831
399
377
721
954
1157
610
319
337
570
351
344
312
831
307
486
740
462
311
516
415
385
458
401
557
290
421
601
420
714
664
498
314
355
391
523
2000
363
337
716
343
2000
436
876
464
326
758
1468
686
264
313
405
309
429
956
367
1235
330
500
266
267
873
254
857
319
269
867
282
359
282
270
335
324
284
420
371
547
283
350
264
333
270
897
349
926
280
266
1210
337
286
307
263
343
278
281
319
450
292
409
275
282
270
266
343
270
286
436
339
328
284
469
323
756
274
282
266
266
328
285
369
262
270
268
280
281
270
260
276
262
258
280
261
367
267
292
357
274
336
262
1179
268
313
329
265
312
266
266
268
279
268
277
268
278
270
276
273
266
283
261
361
264
281
317
313
790
319
270
315
268
327
267
275
270
266
270
321
328
347
264
341
292
281
258
270
266
264
278
323
267
321
325
365
267
369
1083
274
264
286
287
274
280
290
276
274
277
325
262
344
284
264
353
347
282
326
330
286
365
365
321
262
284
363
278
286
369
318
301
337
319
281
282
282
282
265
428
333
361
377
266
264
811
290
264
280
260
278
274
280
270
279
270
268
269
1243
276
264
264
264
268
276
268
270
268
349
274
280
288
270
289
268
279
313
351
279
286
282
271
260
266
270
321
268
270
273
264
321
1006
367
266
280
272
272
279
272
286
340
320
361
335
273
284
273
335
265
266
274
282
284
284
280
265
270
285
266
268
348
1258
264
278
327
261
379
262
266
278
266
274
287
268
266
274
285
281
278
271
266
266
273
278
268
274
264
282
258
276
272
